536
250
-1414
0 0.10 -0.10 0.40 0.42
20 -0.20 0.40 0.40 0.60
40 -0.30 0.00 0.10 0.32
60 0.20 0.20 -0.90 0.94
80 -0.30 -0.60 -1.00 1.20
100 0.10 -0.50 -0.50 0.71
120 0.00 -0.80 0.10 0.81
140 -0.50 -0.30 -1.30 1.42
160 -0.50 -0.30 0.40 0.71
180 0.50 -0.20 -1.00 1.14
200 0.00 0.00 0.60 0.60
220 0.10 -0.30 -0.50 0.59
240 -0.10 -0.10 0.30 0.33
260 -0.10 0.10 -0.40 0.42
280 -0.50 -0.30 0.80 0.99
300 -0.30 0.00 -0.10 0.32
320 0.30 0.40 0.50 0.71
340 -0.20 0.40 -0.40 0.60
360 0.10 0.30 -0.20 0.37
380 0.30 -0.10 -0.30 0.44
400 0.40 -0.40 -0.80 0.98
420 0.40 -0.60 -0.10 0.73
440 -0.30 -0.30 -0.10 0.44
460 0.10 0.20 0.00 0.22
480 0.20 -0.10 -0.30 0.37
500 0.00 -0.10 0.10 0.14
520 0.40 0.00 -0.30 0.50
540 0.10 0.00 -0.30 0.32
560 -0.20 -0.10 0.20 0.30
580 -0.40 -0.10 0.50 0.65
600 0.20 0.00 -0.20 0.28
620 -0.10 -0.20 1.80 1.81
640 0.40 0.30 0.40 0.64
660 0.10 -0.20 0.10 0.24
680 0.20 -0.20 0.20 0.35
700 -0.30 0.00 -0.20 0.36
720 -0.30 -0.30 0.60 0.73
740 -0.20 -0.70 0.80 1.08
760 0.10 0.40 0.30 0.51
780 0.10 -0.30 0.80 0.86
800 0.30 0.20 0.50 0.62
820 -0.10 -0.30 1.10 1.14
840 -0.20 0.00 0.30 0.36
860 0.10 -0.20 -0.60 0.64
880 0.00 -0.30 -0.70 0.76
900 0.10 -0.60 -0.90 1.09
920 0.00 -0.20 0.50 0.54
940 0.30 -0.60 -0.40 0.78
960 0.00 0.10 -0.70 0.71
980 0.30 0.00 -0.50 0.58
1000 0.20 0.10 -0.90 0.93
1020 0.00 0.20 -0.20 0.28
1040 0.40 -0.20 0.50 0.67
1060 0.10 0.20 -1.60 1.62
1080 -0.10 0.30 -0.60 0.68
1100 0.00 -0.10 0.10 0.14
1120 0.40 -0.60 -0.50 0.88
1140 -0.10 -0.40 0.30 0.51
1160 0.00 -0.30 0.00 0.30
1180 0.00 -0.50 -1.10 1.21
1200 -0.10 -0.30 -1.20 1.24
1220 0.10 0.00 -1.80 1.80
1240 0.20 0.00 -0.60 0.63
1260 0.30 -0.80 -1.10 1.39
1280 0.30 -0.80 -0.40 0.94
1300 0.40 -0.50 -0.80 1.02
1320 0.10 -0.30 -1.10 1.14
1340 0.00 0.00 -1.10 1.10
1360 0.00 -0.10 -1.10 1.10
1380 0.20 -0.50 0.10 0.55
1400 -0.10 -0.20 -0.40 0.46
1420 0.50 -0.30 -0.40 0.71
1440 0.30 -0.10 -0.90 0.95
1460 0.60 -0.70 0.60 1.10
1480 0.60 -0.40 -0.40 0.82
1500 0.50 -0.40 0.40 0.75
1520 0.30 0.10 0.50 0.59
1540 0.40 -0.20 0.10 0.46
1560 0.50 -0.30 0.60 0.84
1580 0.40 0.20 0.30 0.54
1600 0.30 -0.10 -0.40 0.51
1620 0.10 -0.60 -1.00 1.17
1640 0.30 -0.30 0.00 0.42
1660 0.20 0.10 0.70 0.73
1680 0.20 0.10 0.00 0.22
1700 0.60 0.00 -1.10 1.25
1720 0.50 0.10 0.10 0.52
1740 0.40 -0.70 -0.30 0.86
1760 0.30 -0.30 0.90 0.99
1780 0.30 0.10 -0.80 0.86
1800 0.20 0.10 -1.10 1.12
1820 0.90 0.10 0.40 0.99
1840 0.40 -0.10 0.10 0.42
1860 0.30 0.20 0.20 0.41
1880 0.50 -0.20 0.00 0.54
1900 0.60 -0.30 -0.40 0.78
1920 0.50 -0.10 -0.70 0.87
1940 0.40 0.00 0.00 0.40
1960 0.30 -0.10 -0.30 0.44
1980 0.80 -0.10 -0.80 1.14
2000 1.20 -0.20 -1.10 1.64
2020 1.30 0.40 -0.20 1.37
2040 0.10 0.10 -0.10 0.17
2060 0.60 -0.40 0.10 0.73
2080 0.30 -0.50 -0.90 1.07
2100 0.20 -0.40 -0.30 0.54
2120 0.40 -0.90 -0.20 1.00
2140 0.20 -0.50 -0.40 0.67
2160 0.30 -0.20 -0.10 0.37
2180 0.20 -0.20 0.10 0.30
2200 0.10 -0.30 0.10 0.33
2220 0.20 -0.30 -1.70 1.74
2240 -0.20 0.00 0.00 0.20
2260 0.30 -0.20 -0.90 0.97
2280 0.40 -0.10 -0.70 0.81
2300 0.10 -0.50 0.40 0.65
2320 0.50 -0.50 -0.30 0.77
2340 0.60 -0.30 -0.30 0.73
2360 0.40 -0.10 -0.40 0.57
2380 0.50 -0.60 -0.50 0.93
2400 0.50 -0.60 -0.30 0.84
2420 0.80 -0.80 -0.20 1.15
2440 0.60 -0.40 0.20 0.75
2460 0.20 -0.70 -0.10 0.73
2480 0.70 -0.10 -0.20 0.73
2500 0.40 -0.10 0.20 0.46
2520 0.30 -0.80 -0.30 0.91
2540 0.70 -0.40 -0.60 1.00
2560 0.70 -0.50 -0.80 1.17
2580 0.30 -0.40 -0.20 0.54
2600 0.10 -0.10 0.50 0.52
2620 0.30 -0.40 -0.40 0.64
2640 0.30 -0.40 0.70 0.86
2660 0.80 -0.90 -0.30 1.24
2680 0.70 -0.60 0.30 0.97
2700 0.70 -0.90 -0.80 1.39
2720 1.40 -1.40 -1.00 2.22
2740 2.20 -2.10 -1.00 3.20
2760 2.70 -2.30 -0.40 3.57
2780 3.00 -3.00 -0.80 4.32
2800 3.10 -2.60 -1.50 4.32
2820 2.90 -2.80 -0.20 4.04
2840 2.60 -2.30 -1.10 3.64
2860 2.40 -2.70 -0.70 3.68
2880 2.60 -2.40 -0.80 3.63
2900 1.20 -1.20 -1.90 2.55
2920 0.60 -1.00 -1.40 1.82
2940 1.00 -1.20 -1.40 2.10
2960 1.20 -1.40 -0.50 1.91
2980 1.40 -0.90 -1.20 2.05
3000 1.20 -1.30 -0.20 1.78
3020 1.50 -1.20 -1.40 2.38
3040 1.50 -1.80 -0.90 2.51
3060 1.70 -1.20 -2.00 2.89
3080 1.10 -2.20 -2.30 3.37
3100 -0.90 -4.90 -1.50 5.20
3120 -4.50 -8.90 1.10 10.03
3140 -4.80 -8.60 1.00 9.90
3160 -4.90 -6.40 1.60 8.22
3180 -4.90 -2.80 4.30 7.10
3200 -5.00 0.40 5.80 7.67
3220 -4.60 4.70 9.10 11.23
3240 -4.00 9.10 9.50 13.75
3260 -2.10 14.50 11.50 18.63
3280 -2.10 16.20 14.00 21.51
3300 -2.20 16.40 13.80 21.55
3320 -2.20 15.60 13.50 20.75
3340 -2.10 14.80 13.30 20.01
3360 -1.70 12.20 10.30 16.06
3380 -0.70 10.70 9.10 14.06
3400 -1.00 10.60 10.30 14.81
3420 -1.10 11.10 9.60 14.72
3440 -1.10 10.60 9.90 14.55
3460 -0.80 10.50 10.00 14.52
3480 -1.40 11.60 9.30 14.93
3500 -1.40 11.90 10.90 16.20
3520 -1.30 12.00 9.20 15.18
3540 -1.70 11.60 9.50 15.09
3560 -1.40 10.40 3.70 11.13
3580 -1.40 10.60 1.30 10.77
3600 -0.80 10.90 -0.60 10.95
3620 -1.00 11.90 -1.20 12.00
3640 -0.80 11.70 -3.10 12.13
3660 -1.10 11.50 -6.00 13.02
3680 -0.80 11.00 -6.30 12.70
3700 -0.60 11.40 -8.00 13.94
3720 2.10 11.30 -15.50 19.30
3740 -2.80 10.50 -37.30 38.85
3760 -2.50 4.10 -46.00 46.25
3780 -3.40 0.50 -33.70 33.87
3800 -4.90 10.50 -20.60 23.64
3820 -5.50 10.60 -16.90 20.69
3840 -6.00 7.30 -17.30 19.71
3860 -4.20 2.20 -17.10 17.75
3880 -3.20 2.40 -17.60 18.05
3900 -1.60 1.60 -18.50 18.64
3920 -1.50 3.70 -20.00 20.39
3940 -2.10 5.60 -21.20 22.03
3960 0.00 8.90 -22.40 24.10
3980 1.00 16.80 -23.70 29.07
4000 1.30 20.40 -24.50 31.91
4020 1.60 21.50 -22.50 31.16
4040 1.70 21.70 -23.90 32.33
4060 1.10 22.40 -24.50 33.21
4080 0.90 22.90 -24.30 33.40
4100 0.20 21.80 -25.10 33.25
4120 1.00 20.60 -24.60 32.10
4140 1.60 18.20 -24.80 30.80
4160 2.40 17.00 -23.80 29.35
4180 2.40 14.70 -23.70 27.99
4200 2.20 15.40 -24.60 29.11
4220 1.80 15.50 -24.40 28.96
4240 1.20 17.30 -23.60 29.29
4260 -0.60 21.00 -25.00 32.66
4280 -2.40 24.40 -24.30 34.52
4300 -3.30 26.80 -24.50 36.46
4320 -5.70 29.10 -23.60 37.90
4340 -8.40 30.60 -23.20 39.31
4360 -9.80 32.30 -21.70 40.13
4380 -10.80 34.70 -21.60 42.28
4400 -7.50 36.40 -21.00 42.69
4420 -10.10 40.90 -18.60 46.05
4440 -10.30 43.50 -16.50 47.65
4460 -9.50 44.50 -14.90 47.88
4480 -8.90 47.30 -13.00 49.85
4500 -9.10 50.30 -10.80 52.25
4520 -10.40 51.30 -9.80 53.25
4540 -10.90 51.60 -8.30 53.39
4560 -11.70 52.30 -7.40 54.10
4580 -7.90 54.20 -5.20 55.02
4600 -4.20 56.20 -2.60 56.42
4620 -0.40 58.10 0.60 58.10
4640 1.80 59.40 7.50 59.90
4660 1.50 60.10 11.00 61.12
4680 1.70 60.40 14.10 62.05
4700 2.60 60.60 18.90 63.53
4720 1.50 60.00 22.60 64.13
4740 0.50 59.80 24.70 64.70
4760 -0.40 59.20 27.50 65.28
4780 -0.60 57.70 31.60 65.79
4800 -0.20 56.20 33.50 65.43
4820 -0.30 55.40 35.30 65.69
4840 -0.50 54.20 37.20 65.74
4860 -1.70 53.10 40.00 66.50
4880 -2.50 51.80 40.00 65.49
4900 -3.40 50.10 42.10 65.53
4920 -4.30 49.20 43.10 65.55
4940 -4.30 48.20 43.80 65.27
4960 -4.80 48.00 44.70 65.77
4980 -6.00 48.10 43.40 65.06
5000 -6.50 47.10 44.80 65.33
5020 -7.30 46.90 46.20 66.24
5040 -9.00 46.10 46.00 65.74
5060 -9.90 46.60 45.80 66.08
5080 -11.20 47.80 43.60 65.66
5100 -13.20 49.90 41.90 66.48
5120 -13.70 50.30 40.50 66.02
5140 -14.30 51.00 39.30 65.95
5160 -14.10 51.60 39.00 66.20
5180 -15.30 51.30 38.30 65.82
5200 -16.30 50.10 39.10 65.61
5220 -15.80 50.60 38.90 65.75
5240 -15.80 50.90 39.40 66.28
5260 -15.20 50.70 40.20 66.46
5280 -14.80 51.10 41.20 67.29
5300 -14.40 51.10 41.20 67.20
5320 -14.80 52.20 39.90 67.35
5340 -14.90 52.00 39.70 67.10
5360 -15.10 51.80 38.90 66.52
5380 -14.90 52.10 39.10 66.82
5400 -15.80 51.50 39.50 66.80
5420 -16.60 50.50 39.70 66.35
5440 -17.30 50.10 39.80 66.28
5460 -17.90 50.00 40.60 66.85
5480 -17.60 49.10 41.40 66.59
5500 -18.50 48.90 42.00 67.06
5520 -19.10 49.30 41.90 67.46
5540 -19.20 49.30 41.80 67.43
5560 -19.60 48.90 40.00 66.15
5580 -20.00 48.90 40.60 66.63
5600 -19.50 48.20 39.80 65.48
5620 -19.20 47.30 41.80 65.98
5640 -18.20 46.60 43.40 66.23
5660 -16.50 45.00 45.10 65.81
5680 -15.50 44.20 47.90 66.99
5700 -14.20 43.30 48.00 66.19
5720 -14.70 43.00 48.10 66.17
5740 -14.30 42.30 49.40 66.59
5760 -14.40 41.90 49.30 66.28
5780 -14.20 42.00 48.50 65.71
5800 -14.20 41.80 49.80 66.55
5820 -13.70 41.30 49.90 66.21
5840 -13.10 41.80 48.10 65.06
5860 -13.40 42.80 48.00 65.69
5880 -13.00 43.00 49.20 66.62
5900 -12.00 42.90 48.80 66.07
5920 -12.20 43.20 50.00 67.19
5940 -11.80 44.00 49.50 67.27
5960 -12.10 44.60 48.00 66.63
5980 -11.60 44.80 47.90 66.60
6000 -12.10 44.50 48.20 66.71
6020 -12.40 44.10 48.00 66.35
6040 -12.00 44.60 48.80 67.19
6060 -11.90 45.30 47.00 66.35
6080 -11.90 45.60 47.50 66.91
6100 -11.90 46.00 45.50 65.79
6120 -12.10 48.10 45.90 67.58
6140 -11.80 50.10 43.20 67.20
6160 -11.40 52.00 41.30 67.38
6180 -10.60 54.20 38.40 67.26
6200 -8.70 57.10 33.50 66.77
6220 -7.40 58.50 31.50 66.85
6240 -6.30 59.10 31.00 67.03
6260 -4.10 60.50 28.30 66.92
6280 -3.40 60.50 23.80 65.10
6300 -3.60 61.30 20.20 64.64
6320 -5.00 61.60 11.60 62.88
6340 -4.60 60.70 9.90 61.67
6360 -4.00 60.70 7.60 61.30
6380 -5.30 60.60 7.00 61.23
6400 -9.00 58.50 3.40 59.29
6420 -9.80 58.40 4.10 59.36
6440 -8.30 57.80 2.00 58.43
6460 -3.40 56.20 -2.10 56.34
6480 -0.20 53.60 -4.80 53.81
6500 0.00 51.50 -7.90 52.10
6520 -0.90 50.50 -8.70 51.25
6540 -0.20 50.10 -10.30 51.15
6560 -0.20 49.90 -9.70 50.83
6580 -1.00 49.60 -10.50 50.71
6600 -4.40 49.60 -9.70 50.73
6620 -6.80 50.40 -10.40 51.91
6640 -8.30 50.60 -11.20 52.49
6660 -10.10 50.80 -8.90 52.55
6680 -10.80 51.10 -8.90 52.98
6700 -10.70 50.90 -8.60 52.72
6720 -6.90 50.80 -10.00 52.23
6740 -5.10 50.30 -10.50 51.64
6760 -2.00 49.20 -10.70 50.39
6780 1.70 46.70 -12.20 48.30
6800 1.80 46.90 -13.40 48.81
6820 1.40 46.20 -13.10 48.04
6840 -2.30 45.00 -16.20 47.88
6860 -7.80 44.10 -16.10 47.59
6880 -9.30 44.40 -14.90 47.75
6900 -10.90 45.30 -14.80 48.89
6920 -8.30 43.80 -14.50 46.88
6940 -8.30 43.90 -16.10 47.49
6960 -10.30 44.20 -14.30 47.58
6980 -11.80 45.00 -14.00 48.58
7000 -11.80 44.30 -14.20 47.99
7020 -12.00 44.80 -14.10 48.48
7040 -11.90 45.50 -13.20 48.85
7060 -11.80 45.40 -14.60 49.13
7080 -9.70 45.20 -13.50 48.16
7100 -6.60 44.40 -15.80 47.59
7120 -6.30 44.70 -15.10 47.60
7140 -8.90 45.30 -14.00 48.24
7160 -10.70 46.10 -13.90 49.32
7180 -12.60 45.70 -13.20 49.21
7200 -12.70 44.50 -14.20 48.41
7220 -12.80 43.90 -14.60 48.00
7240 -13.70 44.70 -14.30 48.89
7260 -13.60 44.80 -14.40 48.98
7280 -13.00 44.90 -13.70 48.71
7300 -13.20 45.40 -14.60 49.48
7320 -13.20 45.50 -13.50 49.26
7340 -12.70 44.80 -14.50 48.77
7360 -12.60 45.00 -14.10 48.81
7380 -13.30 45.90 -13.40 49.63
7400 -12.60 46.00 -13.30 49.51
7420 -13.20 46.40 -12.70 49.88
7440 -12.40 46.70 -13.70 50.22
7460 -12.60 46.40 -13.10 49.83
7480 -12.40 46.40 -14.10 50.06
7500 -12.30 46.40 -14.30 50.09
7520 -12.10 46.60 -12.40 49.72
7540 -12.40 46.50 -12.50 49.72
7560 -11.70 47.00 -11.80 49.85
7580 -11.50 47.30 -12.50 50.26
7600 -11.50 47.70 -12.20 50.56
7620 -11.60 48.10 -11.60 50.82
7640 -10.80 47.80 -11.70 50.38
7660 -11.30 48.20 -11.40 50.80
7680 -11.50 48.00 -11.90 50.77
7700 -11.30 48.00 -11.40 50.61
7720 -11.50 48.20 -12.40 51.08
7740 -11.20 48.50 -11.90 51.18
7760 -11.00 48.40 -11.90 51.04
7780 -10.70 47.90 -12.00 50.53
7800 -8.80 47.90 -12.00 50.16
7820 -6.80 46.80 -14.70 49.52
7840 -6.10 46.60 -14.00 49.04
7860 -6.20 47.00 -14.30 49.52
7880 -6.00 46.00 -14.20 48.51
7900 -5.00 46.20 -15.30 48.92
7920 -3.60 45.70 -14.70 48.14
7940 -2.80 45.20 -15.20 47.77
7960 -2.80 45.30 -15.10 47.83
7980 -2.60 44.90 -15.30 47.51
8000 -2.70 45.10 -16.00 47.93
8020 -2.60 45.30 -15.40 47.92
8040 -1.60 45.00 -15.40 47.59
8060 -1.40 45.70 -16.00 48.44
8080 -1.50 45.30 -14.50 47.59
8100 -1.30 45.30 -14.70 47.64
8120 -1.30 45.50 -14.70 47.83
8140 -1.10 44.90 -14.00 47.04
8160 -0.90 45.50 -14.20 47.67
8180 -1.30 45.20 -15.30 47.74
8200 -1.00 45.20 -15.60 47.83
8220 -1.00 45.20 -16.10 47.99
8240 -1.00 44.90 -15.50 47.51
8260 -1.30 44.70 -16.10 47.53
8280 -1.00 45.10 -14.60 47.41
8300 -1.10 44.90 -16.20 47.75
8320 -1.00 45.30 -15.80 47.99
8340 -0.90 44.80 -14.90 47.22
8360 -0.70 44.80 -15.80 47.51
8380 0.00 45.20 -15.60 47.82
8400 -0.10 45.00 -15.50 47.59
8420 -0.20 44.70 -16.30 47.58
8440 0.10 45.10 -16.20 47.92
8460 -0.30 45.20 -15.40 47.75
8480 -0.10 45.00 -16.10 47.79
8500 0.00 45.20 -16.60 48.15
8520 -0.40 44.90 -15.40 47.47
8540 -0.10 44.80 -15.40 47.37
8560 -0.40 45.30 -15.90 48.01
8580 -0.50 45.10 -15.90 47.82
8600 -0.40 45.30 -14.60 47.60
8620 0.00 45.70 -15.20 48.16
8640 -0.60 45.50 -14.50 47.76
8660 -0.50 45.10 -14.70 47.44
8680 0.00 44.80 -15.50 47.41
8700 -0.70 45.20 -14.50 47.47
8720 0.10 45.30 -16.20 48.11
8740 -0.20 44.70 -15.20 47.21
8760 0.00 45.00 -14.80 47.37
8780 0.00 44.90 -15.00 47.34
8800 0.50 45.10 -15.60 47.72
8820 -0.20 44.80 -15.30 47.34
8840 -0.40 44.80 -15.20 47.31
8860 -0.30 44.80 -15.40 47.37
8880 0.00 44.60 -15.40 47.18
8900 -0.20 44.60 -16.10 47.42
8920 -0.10 45.10 -15.40 47.66
8940 0.00 45.60 -14.70 47.91
8960 0.00 45.10 -15.90 47.82
8980 -0.10 44.90 -14.40 47.15
9000 -0.10 45.10 -14.80 47.47
9020 0.00 44.90 -15.30 47.44
9040 -0.10 44.70 -15.70 47.38
9060 -0.30 44.50 -15.50 47.12
9080 -0.50 44.80 -15.00 47.25
9100 -0.70 44.80 -14.00 46.94
9120 -0.70 44.50 -15.30 47.06
9140 -0.10 44.70 -15.80 47.41
9160 0.00 44.80 -15.20 47.31
9180 -0.10 44.50 -15.20 47.02
9200 0.00 44.60 -15.60 47.25
9220 0.10 45.10 -15.60 47.72
9240 0.70 44.80 -15.90 47.54
9260 2.00 44.00 -15.20 46.59
9280 4.10 44.40 -15.80 47.31
9300 6.10 44.30 -14.80 47.10
9320 8.80 43.90 -13.70 46.82
9340 10.10 44.00 -12.70 46.90
9360 13.50 43.20 -12.10 46.85
9380 16.30 43.30 -9.50 47.23
9400 19.20 43.00 -7.20 47.64
9420 20.40 43.10 -8.70 48.47
9440 21.90 43.30 -7.20 49.05
9460 23.50 44.20 -3.80 50.20
9480 24.60 44.30 -2.00 50.71
9500 25.20 44.60 0.20 51.23
9520 25.90 45.60 3.20 52.54
9540 26.00 45.50 4.70 52.62
9560 26.40 45.90 5.80 53.27
9580 27.00 46.20 7.80 54.08
9600 28.10 45.80 10.10 54.67
9620 28.30 45.50 10.40 54.58
9640 29.10 45.30 9.00 54.59
9660 28.60 44.80 8.00 53.75
9680 28.80 45.10 9.40 54.33
9700 28.70 44.70 8.80 53.84
9720 28.90 44.50 7.70 53.62
9740 29.00 44.60 7.70 53.75
9760 29.10 44.10 8.90 53.58
9780 29.10 43.90 7.80 53.24
9800 28.90 43.90 8.90 53.31
9820 29.20 44.00 7.90 53.40
9840 29.30 43.80 7.60 53.24
9860 29.80 43.30 9.60 53.43
9880 29.40 43.40 8.50 53.11
9900 29.30 43.90 8.70 53.49
9920 29.00 44.10 9.30 53.59
9940 29.20 44.20 8.80 53.70
9960 29.10 44.10 8.10 53.45
9980 28.90 44.30 8.60 53.59
10000 29.10 44.00 8.10 53.37
10020 29.40 44.20 7.20 53.57
10040 29.40 43.70 8.20 53.30
10060 29.10 44.10 7.40 53.35
10080 29.50 43.50 8.60 53.26
10100 29.90 43.90 7.90 53.70
10120 29.30 43.60 6.80 52.97
10140 29.40 43.50 6.60 52.92
10160 29.30 43.50 8.50 53.13
10180 29.80 43.10 7.90 52.99
10200 29.30 43.10 7.70 52.68
10220 29.40 43.10 7.80 52.75
10240 29.60 43.10 7.90 52.88
10260 29.80 42.50 7.10 52.39
10280 29.70 42.50 7.10 52.33
10300 29.60 42.90 6.90 52.58
10320 29.60 41.80 5.40 51.50
10340 29.60 41.80 5.10 51.47
10360 30.00 42.00 5.80 51.94
10380 29.70 41.30 6.10 51.23
10400 29.80 40.90 3.80 50.75
10420 30.00 40.50 3.00 50.49
10440 30.20 39.70 2.70 49.95
10460 30.90 38.50 2.00 49.41
10480 31.50 38.20 2.10 49.56
10500 31.20 36.90 0.70 48.33
10520 32.20 36.40 0.40 48.60
10540 32.20 35.70 0.00 48.08
10560 32.60 35.10 -1.80 47.94
10580 31.50 35.50 -1.70 47.49
10600 31.50 35.30 -1.90 47.35
10620 32.00 35.20 -2.00 47.61
10640 31.90 34.60 -0.60 47.07
10660 32.20 34.20 -1.00 46.98
10680 32.40 34.20 -1.00 47.12
10700 32.70 33.60 -1.70 46.92
10720 32.60 33.60 -2.60 46.89
10740 32.40 33.50 -2.10 46.65
10760 32.70 32.90 -1.20 46.40
10780 32.90 32.60 -1.30 46.33
10800 32.90 32.60 -2.10 46.36
10820 33.10 32.80 -1.50 46.62
10840 32.70 33.50 -1.50 46.84
10860 32.60 33.50 -1.20 46.76
10880 32.60 33.70 -0.90 46.90
10900 33.10 34.00 -2.50 47.52
10920 32.40 33.70 -2.00 46.79
10940 32.80 33.30 -2.10 46.79
10960 32.60 33.30 -0.70 46.61
10980 32.60 33.10 -1.00 46.47
11000 32.50 33.00 -1.20 46.33
11020 32.30 33.30 -2.50 46.46
11040 32.20 32.80 -2.60 46.04
11060 32.00 32.60 -4.30 45.88
11080 32.60 32.60 -3.30 46.22
11100 32.60 32.40 -2.70 46.04
11120 32.10 32.30 -3.40 45.66
11140 32.00 32.40 -3.30 45.66
11160 32.80 31.80 -3.60 45.83
11180 32.30 32.00 -3.10 45.57
11200 32.40 31.80 -3.80 45.56
11220 33.00 31.70 -2.90 45.85
11240 32.80 31.60 -3.30 45.66
11260 32.80 31.30 -2.40 45.40
11280 32.80 31.60 -1.90 45.59
11300 33.10 31.90 -2.00 46.01
11320 33.10 31.20 -1.40 45.51
11340 33.60 31.60 -1.90 46.16
11360 33.30 30.40 -2.50 45.16
11380 33.20 30.60 -1.00 45.16
11400 33.30 30.80 -1.50 45.38
11420 33.40 30.50 -2.40 45.29
11440 32.90 30.50 -2.70 44.94
11460 33.10 30.50 -1.60 45.04
11480 33.20 30.00 -2.70 44.83
11500 33.10 30.40 -2.90 45.04
11520 33.20 30.30 -1.70 44.98
11540 32.80 30.70 -2.60 45.00
11560 33.40 30.20 -1.80 45.06
11580 33.10 30.20 -2.20 44.86
11600 33.20 29.90 -3.00 44.78
11620 33.20 30.30 -2.50 45.02
11640 33.00 29.50 -2.50 44.33
11660 33.60 29.60 -3.20 44.89
11680 33.10 29.60 -2.80 44.49
11700 33.60 29.90 -3.30 45.10
11720 33.00 30.00 -2.90 44.69
11740 33.20 30.00 -3.30 44.87
11760 33.20 29.30 -1.80 44.32
11780 33.30 30.00 -2.90 44.91
11800 32.80 29.50 -3.60 44.26
11820 32.80 29.50 -3.40 44.25
11840 33.40 29.30 -2.70 44.51
11860 33.20 29.50 -3.20 44.53
11880 33.40 29.60 -2.90 44.72
11900 33.30 29.30 -3.30 44.48
11920 33.10 29.60 -3.10 44.51
11940 33.30 29.40 -3.80 44.58
11960 33.40 29.40 -2.80 44.58
11980 32.90 29.30 -2.80 44.14
12000 32.90 28.60 -2.80 43.68
12020 33.30 29.00 -3.00 44.26
12040 33.30 29.30 -2.00 44.40
12060 33.30 28.80 -3.30 44.15
12080 33.00 29.40 -2.50 44.27
12100 32.80 29.30 -4.10 44.17
12120 33.10 29.30 -3.70 44.36
12140 33.60 29.50 -2.80 44.80
12160 33.70 29.30 -2.10 44.71
12180 33.40 29.70 -4.00 44.87
12200 33.10 29.40 -2.60 44.35
12220 32.90 29.70 -2.90 44.42
12240 33.30 29.70 -3.20 44.73
12260 32.80 29.80 -3.70 44.47
12280 33.70 29.20 -3.90 44.76
12300 33.30 29.50 -2.50 44.56
12320 33.20 29.80 -1.60 44.64
12340 33.30 29.80 -1.70 44.72
12360 32.60 29.00 -1.90 43.67
12380 33.20 29.60 -2.60 44.56
12400 32.80 29.60 -3.70 44.34
12420 33.20 29.60 -3.70 44.63
12440 33.20 29.80 -3.80 44.77
12460 33.30 29.70 -4.00 44.80
12480 33.70 29.80 -3.50 45.12
12500 33.10 29.30 -3.10 44.31
12520 33.00 29.30 -3.70 44.29
12540 32.90 29.60 -3.50 44.39
12560 33.10 29.70 -3.30 44.59
12580 33.20 29.20 -3.80 44.38
12600 32.90 28.90 -4.20 43.99
12620 33.20 29.20 -2.40 44.28
12640 33.70 29.30 -3.50 44.79
12660 33.40 29.10 -3.90 44.47
12680 33.30 29.40 -3.00 44.52
12700 32.90 29.60 -4.50 44.48
12720 33.00 29.50 -2.70 44.35
12740 32.90 29.10 -2.80 44.01
12760 32.50 29.60 -3.70 44.11
12780 32.70 29.30 -3.50 44.05
12800 32.60 29.40 -3.60 44.05
12820 32.10 29.30 -2.30 43.52
12840 32.80 29.60 -2.00 44.23
12860 32.90 30.40 -2.50 44.86
12880 33.30 29.80 -3.20 44.80
12900 32.80 30.30 -1.50 44.68
12920 33.50 30.60 -2.40 45.44
12940 33.30 30.70 -3.20 45.41
12960 33.90 30.40 -2.90 45.63
12980 33.30 30.70 -2.70 45.37
13000 33.20 30.00 -2.60 44.82
13020 33.10 30.40 -2.40 45.01
13040 32.90 31.00 -2.60 45.28
13060 33.40 30.50 -2.30 45.29
13080 33.50 30.90 -2.30 45.63
13100 33.20 30.70 -2.40 45.28
13120 33.30 30.50 -1.00 45.17
13140 33.50 30.30 -2.90 45.26
13160 33.30 30.50 -3.10 45.26
13180 33.00 30.50 -3.00 45.04
13200 33.00 30.20 -2.70 44.81
13220 33.10 30.50 -2.30 45.07
13240 33.00 30.70 -2.60 45.15
13260 32.90 30.70 -3.40 45.13
13280 33.00 30.30 -2.50 44.87
13300 33.00 30.60 -3.10 45.11
13320 32.80 30.60 -2.50 44.93
13340 33.00 30.40 -2.60 44.94
13360 33.10 30.40 -2.30 45.00
13380 32.90 30.60 -3.70 45.08
13400 32.80 30.50 -2.70 44.87
13420 32.90 30.30 -1.70 44.76
13440 33.40 29.90 -1.20 44.84
13460 32.60 30.40 -2.00 44.62
13480 32.90 30.40 -2.10 44.84
13500 32.60 30.40 -2.50 44.64
13520 33.20 30.20 -2.50 44.95
13540 33.00 30.60 -2.40 45.07
13560 32.90 30.40 -2.30 44.85
13580 32.70 30.10 -2.40 44.51
13600 32.70 30.10 -1.70 44.48
13620 33.50 30.00 -2.20 45.02
13640 33.20 29.70 -2.70 44.63
13660 32.60 29.90 -3.50 44.37
13680 32.80 30.10 -3.10 44.63
13700 32.60 29.70 -2.70 44.18
13720 32.90 30.50 -2.80 44.95
13740 32.60 30.30 -2.70 44.59
13760 33.20 30.10 -3.20 44.93
13780 32.90 30.40 -3.70 44.95
13800 32.80 30.40 -3.10 44.83
13820 33.00 30.40 -3.10 44.98
13840 32.80 30.30 -2.60 44.73
13860 32.90 30.70 -4.00 45.18
13880 33.30 30.60 -3.00 45.32
13900 33.10 30.70 -2.60 45.22
13920 32.70 30.90 -1.60 45.02
13940 33.20 30.20 -2.30 44.94
13960 32.80 30.30 -3.60 44.80
13980 33.10 30.40 -1.60 44.97
14000 32.40 30.40 -2.20 44.48
14020 33.00 30.30 -2.80 44.89
14040 33.10 30.20 -3.10 44.91
14060 33.40 30.30 -3.20 45.21
14080 32.80 30.10 -2.90 44.61
14100 32.90 30.40 -4.00 44.97
14120 32.70 30.70 -3.70 45.01
14140 32.50 30.60 -2.50 44.71
14160 33.10 30.20 -2.60 44.88
14180 33.10 30.40 -2.80 45.03
14200 33.30 30.50 -1.60 45.19
14220 32.80 30.40 -2.30 44.78
14240 32.90 30.30 -3.40 44.86
14260 33.10 30.60 -1.30 45.10
14280 32.80 30.70 -3.70 45.08
14300 32.70 30.90 -2.30 45.05
14320 32.80 30.50 -1.80 44.83
14340 32.80 30.40 -3.10 44.83
14360 33.00 31.30 -3.20 45.60
14380 32.60 31.00 -1.50 45.01
14400 32.80 30.90 -3.10 45.17
14420 33.00 30.50 -2.00 44.98
14440 33.10 30.70 -1.90 45.19
14460 32.70 30.60 -1.00 44.80
14480 33.00 30.30 -2.80 44.89
14500 33.40 29.90 -2.00 44.87
14520 32.90 30.40 -2.00 44.84
14540 33.20 30.40 -1.60 45.04
14560 32.60 30.30 -2.10 44.56
14580 33.10 29.90 -2.80 44.69
14600 33.10 29.80 -2.00 44.58
14620 33.00 30.00 -1.20 44.61
14640 32.80 29.90 -1.30 44.40
14660 33.50 29.70 -1.50 44.79
14680 33.60 30.00 -2.10 45.09
14700 33.30 30.00 -2.30 44.88
14720 33.90 29.70 -2.50 45.14
14740 34.00 29.80 -1.80 45.25
14760 33.10 29.70 -2.50 44.54
14780 33.20 30.00 -3.30 44.87
14800 33.40 30.10 -1.70 44.99
14820 33.10 30.30 -2.70 44.96
14840 33.00 30.00 -2.80 44.69
14860 33.40 30.30 -3.20 45.21
14880 33.20 30.60 -2.60 45.23
14900 33.10 30.30 -3.00 44.97
14920 33.10 30.50 -2.90 45.10
14940 33.10 29.90 -2.10 44.65
14960 33.40 29.70 -1.90 44.74
14980 32.90 29.80 -3.10 44.50
15000 32.70 30.20 -3.10 44.62
15020 32.80 30.00 -2.70 44.53
15040 33.40 30.30 -1.80 45.13
15060 32.80 30.10 -3.70 44.67
15080 33.00 30.10 -1.90 44.71
15100 32.90 29.50 -0.90 44.20
15120 32.90 30.30 -1.70 44.76
15140 33.10 30.00 -2.30 44.73
15160 32.70 30.00 -2.70 44.46
15180 33.00 30.00 -3.10 44.71
15200 33.30 30.10 -3.10 44.99
15220 32.90 30.60 -3.30 45.05
15240 33.00 30.90 -1.90 45.25
15260 33.00 30.30 -2.50 44.87
15280 33.00 30.80 -2.50 45.21
15300 33.40 30.10 -3.20 45.08
15320 33.10 30.40 -2.40 45.01
15340 32.90 30.20 -1.60 44.69
15360 33.40 30.40 -3.10 45.27
15380 33.10 30.30 -2.10 44.92
15400 33.60 30.50 -2.70 45.46
15420 33.00 30.90 -2.30 45.27
15440 33.40 30.70 -3.30 45.49
15460 33.40 30.50 -2.20 45.28
15480 33.60 30.50 -2.40 45.44
15500 32.80 30.40 -1.80 44.76
15520 33.20 30.40 -1.90 45.06
15540 33.10 31.00 -3.00 45.45
15560 33.30 30.40 -2.30 45.15
15580 33.30 30.50 -2.80 45.24
15600 33.60 30.60 -1.70 45.48
15620 33.70 30.80 -3.60 45.80
15640 33.80 30.90 -2.20 45.85
15660 33.10 30.30 -2.70 44.96
15680 33.30 30.40 -2.30 45.15
15700 33.50 30.10 -3.20 45.15
15720 33.30 30.60 -3.10 45.33
15740 33.70 30.70 -3.60 45.73
15760 33.60 30.20 -2.50 45.25
15780 33.60 30.30 -2.60 45.32
15800 33.40 30.60 -3.30 45.42
15820 33.40 30.40 -2.40 45.23
15840 33.20 30.00 -2.40 44.81
15860 33.10 30.10 -2.00 44.78
15880 33.00 30.00 -1.40 44.62
15900 32.90 30.30 -3.10 44.83
15920 33.10 29.90 -3.40 44.73
15940 33.10 30.30 -3.70 45.03
15960 32.90 29.90 -3.00 44.56
15980 33.20 30.40 -3.80 45.18
16000 33.40 29.80 -3.60 44.91
16020 33.20 29.90 -3.20 44.79
16040 33.40 30.30 -1.80 45.13
16060 33.80 30.30 -2.20 45.45
16080 33.40 30.00 -2.20 44.95
16100 34.20 30.10 -0.80 45.57
16120 35.00 29.90 0.30 46.03
16140 35.10 29.70 0.30 45.98
16160 35.40 30.40 3.10 46.76
16180 35.50 30.10 2.40 46.60
16200 35.30 30.40 3.40 46.71
16220 36.10 30.30 4.40 47.34
16240 36.30 30.50 5.20 47.70
16260 36.90 31.60 5.80 48.93
16280 36.40 32.30 6.40 49.08
16300 36.10 32.50 6.60 49.02
16320 35.90 33.10 7.90 49.47
16340 36.10 33.30 9.30 49.99
16360 36.50 33.00 10.60 50.33
16380 37.10 32.40 12.50 50.82
16400 37.50 32.00 12.90 50.96
16420 37.90 31.60 14.50 51.43
16440 37.80 31.70 14.00 51.28
16460 37.40 31.20 13.80 50.62
16480 37.80 31.50 14.20 51.21
16500 38.00 31.20 13.10 50.88
16520 37.60 31.10 14.40 50.88
16540 38.20 30.40 13.80 50.73
16560 38.60 30.70 13.30 51.08
16580 38.70 30.40 12.90 50.87
16600 38.50 30.50 13.60 50.97
16620 38.40 30.70 13.00 50.85
16640 38.20 30.50 12.90 50.56
16660 38.20 30.20 12.80 50.35
16680 38.10 30.20 13.60 50.48
16700 37.70 29.90 12.70 49.77
16720 38.00 29.80 13.90 50.25
16740 37.90 29.90 13.10 50.02
16760 38.00 30.20 12.00 50.00
16780 37.60 30.20 12.60 49.85
16800 37.60 30.20 12.10 49.72
16820 37.90 30.30 11.80 49.94
16840 38.10 30.80 12.70 50.61
16860 37.80 30.50 11.80 49.98
16880 38.10 31.10 12.70 50.79
16900 37.60 30.90 11.80 50.08
16920 37.40 31.20 11.90 50.14
16940 37.80 31.20 12.30 50.53
16960 37.40 30.90 12.00 49.98
16980 37.50 31.50 11.60 50.33
17000 37.80 30.90 11.30 50.11
17020 37.70 31.70 13.00 50.94
17040 37.80 31.50 11.90 50.62
17060 37.80 31.40 11.20 50.40
17080 37.40 31.40 12.10 50.31
17100 37.50 31.20 11.90 50.21
17120 37.70 31.70 12.30 50.77
17140 37.80 32.20 12.60 51.23
17160 37.90 31.30 12.60 50.74
17180 37.30 31.10 12.20 50.07
17200 37.90 31.40 12.10 50.68
17220 37.50 31.20 11.60 50.14
17240 37.40 31.30 10.90 49.97
17260 37.40 31.50 11.20 50.16
17280 37.60 31.20 11.30 50.15
17300 37.40 31.90 11.90 50.58
17320 37.50 31.70 11.80 50.50
17340 37.50 31.60 11.80 50.44
17360 36.80 32.20 12.60 50.50
17380 37.30 31.60 13.30 50.66
17400 37.20 31.80 13.00 50.64
17420 37.00 31.70 12.40 50.28
17440 37.10 32.20 13.20 50.87
17460 37.20 32.10 12.30 50.65
17480 37.00 31.60 12.80 50.31
17500 37.70 31.50 12.90 50.79
17520 37.30 31.60 13.10 50.61
17540 37.40 31.50 12.20 50.40
17560 37.20 31.40 11.40 50.00
17580 37.40 31.40 12.80 50.48
17600 37.40 31.40 12.30 50.36
17620 37.30 30.60 12.60 49.86
17640 37.70 31.10 13.20 50.62
17660 37.20 31.50 13.00 50.45
17680 37.30 31.30 12.70 50.32
17700 37.20 31.30 11.10 49.87
17720 36.70 31.60 12.50 50.02
17740 37.30 31.30 10.50 49.81
17760 37.40 31.50 11.50 50.23
17780 37.60 31.30 11.80 50.33
17800 37.40 31.20 11.50 50.04
17820 37.10 31.60 13.10 50.46
17840 37.60 31.30 13.00 50.62
17860 37.60 31.70 12.10 50.65
17880 37.60 31.60 12.30 50.63
17900 37.50 31.00 11.10 49.90
17920 37.40 31.30 11.30 50.06
17940 37.60 31.10 13.30 50.58
17960 37.80 31.00 11.10 50.13
17980 37.60 31.30 12.60 50.52
18000 37.40 31.20 12.10 50.19
18020 37.70 31.00 11.40 50.12
18040 37.50 31.40 11.70 50.29
18060 37.30 31.40 12.20 50.26
18080 37.60 31.60 12.50 50.68
18100 38.10 31.20 12.30 50.76
18120 37.60 31.00 12.80 50.38
18140 37.60 31.00 11.80 50.14
18160 37.50 31.00 12.00 50.11
18180 37.60 31.30 12.20 50.42
18200 37.30 31.20 12.30 50.16
18220 37.80 31.50 12.50 50.77
18240 37.60 31.90 12.50 50.87
18260 37.20 31.50 12.20 50.25
18280 37.40 31.60 12.70 50.58
18300 37.00 31.70 12.10 50.20
18320 37.10 32.00 13.50 50.82
18340 37.20 31.90 12.50 50.57
18360 37.20 31.70 12.90 50.55
18380 37.50 31.70 12.00 50.55
18400 37.70 32.00 11.90 50.86
18420 37.20 31.70 12.40 50.42
18440 37.50 31.70 12.70 50.72
18460 37.20 31.50 12.50 50.32
18480 37.40 31.70 12.60 50.62
18500 37.40 31.70 12.10 50.50
18520 37.30 31.90 12.50 50.65
18540 37.40 31.20 12.50 50.28
18560 37.40 31.70 12.30 50.55
18580 37.30 31.70 12.70 50.57
18600 37.20 31.60 12.60 50.41
18620 36.80 31.20 12.50 49.84
18640 37.20 31.30 11.80 50.03
18660 37.50 31.00 12.10 50.14
18680 37.50 31.70 11.10 50.34
18700 37.70 31.60 12.20 50.68
18720 37.60 31.70 13.00 50.87
18740 37.60 31.30 13.00 50.62
18760 37.30 31.40 12.40 50.31
18780 38.10 31.30 11.30 50.59
18800 37.70 30.90 11.70 50.13
18820 37.40 30.80 12.90 50.14
18840 37.90 31.30 12.90 50.82
18860 37.40 30.90 12.20 50.02
18880 37.80 31.00 11.40 50.20
18900 37.80 31.70 11.50 50.66
18920 37.70 31.00 11.50 50.15
18940 37.50 30.70 12.90 50.15
18960 37.80 31.60 12.50 50.83
18980 37.50 31.40 11.60 50.27
19000 37.30 31.20 12.00 50.09
19020 37.90 31.00 12.20 50.46
19040 37.90 30.90 12.00 50.35
19060 38.00 30.90 12.00 50.43
19080 37.20 31.20 11.60 49.92
19100 37.40 30.70 11.30 49.69
19120 37.30 30.70 11.80 49.73
19140 37.30 31.50 12.60 50.42
19160 37.00 31.50 11.50 49.93
19180 37.20 31.20 12.60 50.16
19200 37.70 31.50 13.20 50.87
19220 37.80 31.90 12.20 50.94
19240 37.50 31.30 12.30 50.37
19260 37.20 31.00 11.80 49.84
19280 37.80 31.70 12.30 50.84
19300 37.40 31.90 11.40 50.46
19320 37.40 31.30 11.40 50.08
19340 37.30 31.40 12.00 50.21
19360 37.60 31.10 12.70 50.42
19380 37.90 30.90 13.40 50.70
19400 37.30 31.40 12.30 50.28
19420 37.60 31.30 13.50 50.75
19440 37.70 31.50 12.90 50.79
19460 37.80 31.30 13.30 50.85
19480 38.30 31.30 14.20 51.46
19500 37.70 30.90 14.00 50.72
19520 37.70 31.00 14.70 50.97
19540 38.00 30.70 13.60 50.71
19560 38.20 30.60 14.20 50.96
19580 37.70 30.70 14.50 50.73
19600 37.90 30.50 15.70 51.12
19620 38.00 30.90 15.80 51.46
19640 37.50 30.80 14.80 50.73
19660 37.90 31.80 15.80 51.94
19680 37.70 31.80 16.60 52.04
19700 37.70 31.70 16.90 52.07
19720 37.40 32.60 17.60 52.64
19740 37.10 32.70 19.20 53.05
19760 37.10 32.30 19.70 52.99
19780 37.20 32.00 19.50 52.80
19800 37.00 31.90 21.40 53.33
19820 37.30 32.20 21.30 53.68
19840 37.30 31.90 21.40 53.54
19860 36.90 31.70 22.60 53.64
19880 37.00 31.60 22.40 53.57
19900 37.50 31.70 22.60 54.05
19920 37.10 32.10 21.50 53.56
19940 36.90 32.10 22.10 53.67
19960 36.90 31.90 22.80 53.84
19980 36.60 32.50 21.50 53.46
20000 36.90 32.20 23.20 54.19
20020 36.90 32.20 22.00 53.69
20040 36.60 32.50 22.50 53.87
20060 36.60 32.50 22.40 53.83
20080 37.00 32.20 22.70 54.05
20100 36.30 32.20 23.00 53.70
20120 36.20 33.00 23.90 54.50
20140 36.30 32.40 25.20 54.79
20160 36.60 32.10 25.70 55.05
20180 36.20 31.50 26.50 54.82
20200 35.90 31.30 26.50 54.50
20220 35.60 30.90 28.60 55.14
20240 35.80 30.60 28.90 55.26
20260 35.40 30.20 30.50 55.64
20280 35.90 29.90 31.10 56.13
20300 35.10 28.90 32.10 55.66
20320 34.90 28.10 33.30 55.83
20340 34.70 27.90 35.40 56.88
20360 33.70 26.30 36.40 56.15
20380 33.60 25.90 37.70 56.75
20400 32.50 25.10 39.40 56.91
20420 32.40 23.50 38.90 55.81
20440 32.50 23.30 40.00 56.56
20460 32.50 22.80 39.50 56.00
20480 32.30 22.70 40.10 56.27
20500 32.10 23.00 39.80 56.07
20520 32.70 22.80 38.10 55.14
20540 32.70 24.00 38.00 55.58
20560 33.80 24.20 37.70 56.12
20580 34.70 25.00 35.30 55.45
20600 35.90 25.50 31.50 54.14
20620 37.00 27.50 29.00 54.46
20640 37.30 29.00 26.00 53.93
20660 38.00 30.20 22.00 53.29
20680 36.30 33.40 14.60 51.44
20700 35.10 35.20 8.60 50.45
20720 33.10 36.60 4.50 49.55
20740 29.60 39.00 -1.30 48.98
20760 27.20 39.20 -4.20 47.90
20780 24.70 39.00 -7.70 46.80
20800 22.60 38.70 -10.20 45.96
20820 19.20 38.10 -11.70 44.24
20840 17.90 38.90 -14.00 45.05
20860 17.40 39.00 -15.10 45.30
20880 18.00 39.00 -12.60 44.76
20900 19.00 38.50 -14.20 45.22
20920 18.80 38.40 -14.10 45.02
20940 19.30 37.90 -14.80 45.03
20960 19.40 38.20 -14.10 45.10
20980 19.70 37.60 -12.90 44.37
21000 20.40 37.10 -12.40 44.12
21020 20.90 37.00 -13.20 44.50
21040 20.60 36.90 -12.70 44.13
21060 20.50 36.70 -13.00 44.00
21080 20.40 36.50 -12.50 43.64
21100 20.20 36.60 -13.80 44.02
21120 19.80 36.10 -13.90 43.46
21140 19.60 35.80 -14.90 43.45
21160 19.20 36.00 -15.80 43.75
21180 19.10 35.70 -13.80 42.78
21200 18.10 35.00 -16.60 42.76
21220 17.30 35.10 -16.00 42.28
21240 17.20 34.80 -16.10 42.02
21260 16.50 34.90 -17.80 42.51
21280 16.30 34.80 -16.40 41.78
21300 16.20 34.70 -17.00 41.90
21320 16.40 34.80 -17.70 42.35
21340 16.70 34.30 -18.00 42.18
21360 17.00 34.60 -17.40 42.30
21380 16.30 34.50 -18.10 42.23
21400 16.50 34.50 -16.90 41.81
21420 16.30 34.20 -17.50 41.73
21440 16.40 34.20 -18.10 42.03
21460 16.40 34.60 -18.20 42.40
21480 16.40 34.50 -17.80 42.14
21500 16.20 34.80 -17.70 42.27
21520 15.90 34.10 -17.70 41.58
21540 15.80 34.70 -17.60 41.99
21560 16.40 34.60 -16.50 41.69
21580 16.20 34.90 -18.50 42.69
21600 16.20 34.60 -16.50 41.62
21620 16.50 34.80 -17.40 42.26
21640 16.30 34.90 -17.30 42.23
21660 16.40 34.40 -15.80 41.25
21680 16.60 34.60 -16.80 41.89
21700 16.90 35.20 -17.00 42.59
21720 16.40 35.20 -17.20 42.47
21740 16.30 34.70 -16.90 41.90
21760 16.70 35.10 -16.60 42.27
21780 17.30 35.00 -17.20 42.66
21800 17.50 35.20 -16.50 42.63
21820 17.70 35.20 -14.80 42.09
21840 18.10